pygsf/example_data/vx.asc
ncols         96
nrows         85
xllcorner     586661.4
yllcorner     1676989.6
cellsize      356.2
NODATA_value  -9999
[rows 0 to 29 of 85, columns 0 to 66 of 96]
-9999 -9999 -9999 -9999 -9999 -9999 -9999 -9999 -9999 -9999 -9999 -9999 -9999 -9999 -9999 -9999 -9999 -9999 -9999 -9999 -9999 -9999 -9999 -9999 -9999 -9999 -9999 -9999 -9999 -9999 -9999 -9999 -9999 -9999 -9999 -9999 -9999 -9999 -9999 -9999 -9999 -9999 -9999 -9999 -9999 -9999 -9999 -9999 -9999 -9999 -9999 -9999 -9999 -9999 -9999 -9999 -9999 -9999 -9999 -9999 -9999 -9999 -9999 -9999 -9999 -9999 -9999
-9999 -9999 -9999 -9999 -9999 -9999 -9999 -9999 -9999 -9999 -9999 -9999 -9999 -9999 -9999 -9999 -9999 -9999 -9999 -9999 -9999 -9999 -9999 -9999 -9999 -9999 -9999 -9999 -9999 -9999 -9999 -9999 -9999 -9999 -9999 -9999 -9999 -9999 -9999 -9999 -9999 -9999 -9999 -9999 -9999 -9999 -9999 -9999 -9999 -9999 -9999 -9999 -9999 -9999 -9999 -9999 -9999 -9999 -9999 -9999 -9999 -9999 -9999 -9999 -9999 -9999 -9999
-9999 -9999 -9999 -9999 -9999 -9999 -9999 -9999 -9999 -9999 -9999 -9999 -9999 -9999 -9999 -9999 -9999 -9999 -9999 -9999 -9999 -9999 -9999 -9999 -9999 -9999 -9999 -9999 -9999 -9999 -9999 -9999 -9999 -9999 -9999 -9999 -9999 -9999 -9999 -9999 -9999 -9999 -9999 -9999 -9999 -9999 -9999 -9999 -9999 -9999 -9999 -9999 -9999 -9999 -9999 -9999 -9999 -9999 -9999 -9999 -9999 -9999 -9999 -9999 -9999 -9999 -9999
-9999 -9999 -9999 -9999 -9999 -9999 -9999 -9999 -9999 -9999 -9999 -9999 -9999 -9999 -9999 -9999 -9999 -9999 -9999 -9999 -9999 -9999 -9999 -9999 -9999 -9999 -9999 -9999 -9999 132.6478 139.0214 142.6658 143.8282 147.6951 148.691 145.2749 137.2509 -9999 -9999 -9999 -9999 -9999 -9999 -9999 -9999 -9999 -9999 -9999 -9999 -9999 -9999 -9999 -9999 -9999 -9999 -9999 -9999 -9999 -9999 -9999 -9999 -9999 -9999 -9999 -9999 -9999 -9999
-9999 -9999 -9999 -9999 -9999 -9999 -9999 -9999 -9999 -9999 -9999 -9999 -9999 -9999 -9999 -9999 -9999 -9999 -9999 -9999 79.53683 93.82737 77.69126 85.71675 97.71317 104.9618 111.0716 118.7981 127.6476 136.791 145.6671 151.9929 156.9256 160.5571 160.319 156.8475 148.4733 135.1362 113.8932 -9999 -9999 -9999 -9999 -9999 -9999 -9999 -9999 -9999 -9999 -9999 -9999 -9999 -9999 -9999 -9999 -9999 -9999 -9999 -9999 -9999 -9999 -9999 -9999 -9999 -9999 -9999 -9999
-9999 -9999 -9999 -9999 -9999 -9999 -9999 -9999 -9999 -9999 -9999 -9999 -9999 -9999 -9999 -9999 -9999 -9999 80.85256 79.91108 58.96558 91.27273 71.89706 83.03705 97.65072 103.9784 106.4701 117.5969 128.7169 141.0993 155.1931 162.2902 170.9572 175.3935 174.4008 166.1512 157.9377 149.19 138.1308 119.6858 -9999 -9999 -9999 -9999 -9999 -9999 -9999 -9999 -9999 -9999 -9999 -9999 -9999 -9999 -9999 -9999 -9999 -9999 -9999 -9999 -9999 -9999 -9999 -9999 -9999 -9999 -9999
-9999 -9999 -9999 -9999 -9999 -9999 -9999 -9999 -9999 -9999 -9999 -9999 -9999 -9999 -9999 -9999 -9999 99.07773 100.1207 92.66724 95.31661 105.3815 92.95109 94.94913 104.2968 114.1322 113.7464 121.3763 127.2213 144.7376 160.3167 169.0222 174.0424 180.1187 175.7475 169.716 164.5574 156.1275 150.7373 136.9622 125.7048 -9999 -9999 -9999 -9999 -9999 -9999 -9999 -9999 -9999 -9999 -9999 -9999 -9999 -9999 -9999 -9999 -9999 -9999 -9999 -9999 -9999 -9999 -9999 -9999 -9999 -9999
-9999 -9999 -9999 -9999 -9999 -9999 -9999 -9999 -9999 -9999 -9999 -9999 -9999 -9999 -9999 97.19409 112.4053 108.0797 103.0229 100.4425 120.1759 121.5711 116.2363 107.45 110.0541 120.21 126.6108 129.326 128.7356 143.5287 158.6878 170.4093 174.5861 178.8171 173.2111 168.8386 165.5124 162.8506 157.119 149.5044 139.5814 129.5362 -9999 -9999 -9999 -9999 -9999 -9999 -9999 -9999 -9999 -9999 -9999 -9999 -9999 -9999 -9999 -9999 -9999 -9999 -9999 -9999 -9999 -9999 -9999 -9999 -9999
-9999 -9999 -9999 -9999 -9999 -9999 -9999 -9999 -9999 -9999 -9999 -9999 -9999 88.74647 92.05589 94.1059 106.1961 106.6526 107.9479 117.8849 116.6939 117.6767 120.2971 102.0435 109.6902 119.6416 124.1306 136.2546 136.2608 136.1809 158.6219 165.5246 174.7486 170.3922 164.0773 163.3407 163.7951 167.0571 157.725 153.0334 141.6369 137.8148 132.2893 -9999 -9999 -9999 -9999 -9999 -9999 -9999 -9999 -9999 -9999 -9999 -9999 -9999 -9999 -9999 -9999 -9999 -9999 -9999 -9999 -9999 -9999 -9999 -9999
-9999 -9999 -9999 -9999 -9999 -9999 -9999 -9999 -9999 -9999 -9999 -9999 81.64359 78.31568 89.51511 95.41186 100.6552 92.95734 115.641 122.6801 122.4569 115.9649 118.2705 111.6936 116.125 126.3266 121.3103 128.2753 128.1248 136.8976 156.0226 160.9266 165.5664 159.6407 155.5775 156.3229 158.1886 176.2194 153.9954 145.2022 140.1828 135.6442 137.5065 140.5991 -9999 -9999 -9999 -9999 -9999 -9999 -9999 -9999 -9999 -9999 -9999 -9999 -9999 -9999 -9999 -9999 -9999 -9999 -9999 -9999 -9999 -9999 -9999
-9999 -9999 -9999 -9999 -9999 -9999 -9999 -9999 -9999 -9999 -9999 62.98069 77.98426 67.35745 84.5135 95.62926 100.403 97.61513 115.3535 121.5838 125.6883 125.1241 124.4949 119.815 121.9287 127.2194 122.9066 121.8429 125.6055 137.0841 148.179 160.3315 157.501 153.704 150.9245 152.1857 153.781 162.7401 149.2621 137.1853 132.2214 131.2947 136.6953 157.177 179.5436 -9999 -9999 -9999 -9999 -9999 -9999 -9999 -9999 -9999 -9999 -9999 -9999 -9999 -9999 -9999 -9999 -9999 -9999 -9999 -9999 -9999 -9999
-9999 -9999 -9999 -9999 -9999 -9999 -9999 -9999 -9999 -9999 54.65223 67.35805 69.15677 72.25487 89.1443 95.23479 101.6576 106.7189 116.2387 122.6537 127.2929 132.1353 133.2986 125.5036 124.4755 124.7482 122.7675 122.7813 125.0378 133.9561 149.8763 159.4528 152.0995 148.1293 144.7059 151.2988 147.7841 145.7671 144.8593 131.2646 123.2525 125.8829 133.7863 170.5366 195.007 206.9568 -9999 -9999 -9999 -9999 -9999 -9999 -9999 -9999 -9999 -9999 -9999 -9999 -9999 -9999 -9999 -9999 -9999 -9999 -9999 -9999 21.43102
-9999 -9999 -9999 -9999 -9999 -9999 -9999 -9999 -9999 34.98292 49.48299 63.94982 63.85696 69.64675 84.89896 98.96154 104.6819 108.3507 114.5267 124.0205 129.2491 130.2459 136.9331 132.4943 128.5314 125.9367 121.7653 122.042 122.9883 133.5565 150.9867 154.3686 148.1754 144.3145 147.0911 150.6212 147.2268 148.1271 144.1116 125.4345 124.9983 134.3988 152.6595 181.8339 203.8702 219.078 231.8434 242.1349 -9999 -9999 -9999 -9999 -9999 -9999 -9999 -9999 -9999 -9999 -9999 -9999 -9999 -9999 -9999 -9999 -9999 55.59187 42.09731
-9999 -9999 -9999 -9999 -9999 -9999 -9999 -9999 32.93802 39.09181 46.95982 54.20467 59.58866 64.69932 74.15105 92.23118 101.3341 107.5377 113.249 125.9747 130.9086 130.8314 133.7281 133.2215 131.605 129.4176 125.4116 123.5662 123.2949 128.5678 146.3003 151.5528 148.4119 141.3801 150.0658 148.8909 149.4799 144.8727 135.9216 123.0338 133.9618 148.1009 164.1975 186.1259 211.4819 232.5594 248.7429 260.3691 259.9352 259.907 -9999 -9999 -9999 -9999 -9999 -9999 -9999 -9999 -9999 -9999 -9999 128.5146 117.4679 110.0737 92.60593 85.57582 79.99044
-9999 -9999 -9999 -9999 -9999 -9999 -9999 31.36764 37.59723 47.77316 45.32681 47.58532 54.60887 64.30994 72.03574 84.06944 97.99908 108.9542 109.1828 122.7921 130.7873 133.3214 130.444 133.1184 135.0144 135.7355 131.0358 126.7383 125.8466 127.1718 139.3713 148.7581 147.789 143.2933 150.4464 152.0699 151.5457 148.56 148.6264 149.4404 149.1928 159.0599 166.5513 186.8079 224.9457 250.2214 269.8863 284.7332 283.1893 279.2686 274.6687 270.52 268.3251 269.7711 276.9509 266.7431 257.6478 252.7508 237.3455 218.6968 196.204 172.1386 150.8072 105.2793 93.28298 95.0968 96.34023
-9999 -9999 -9999 -9999 -9999 -9999 -9999 33.72246 38.15909 40.65445 40.33662 48.39175 62.36969 67.62445 72.56043 78.86998 84.87907 101.0913 109.5781 123.4905 130.7178 135.7206 137.8123 136.3577 138.7043 140.1243 134.1058 133.0654 134.2712 139.0059 140.5822 144.2172 144.7805 148.5884 152.7389 155.8222 152.0677 153.6604 159.4792 161.2559 158.3612 163.1835 170.8239 196.4959 235.3994 261.6343 286.1793 303.7986 306.1026 299.8351 290.6013 282.8568 278.6038 279.072 284.3274 277.9798 273.0015 268.6892 261.042 255.0738 251.5611 241.3897 230.1826 200.2668 187.3146 180.3515 164.6513
-9999 -9999 -9999 -9999 -9999 -9999 37.05113 39.38047 39.78741 40.00427 43.66391 53.27962 65.33082 68.71299 71.30186 74.41527 76.34762 86.63864 97.69397 117.1101 124.8845 134.332 123.3655 134.0299 145.2439 144.3264 141.5313 143.2353 147.6409 148.2657 146.5924 146.9327 148.5445 158.5854 162.0904 160.5423 154.3565 153.2044 157.007 157.0489 159.9859 161.3607 167.4347 190.9523 228.7199 263.4065 290.4287 314.8748 335.4824 323.0471 304.5594 291.5931 284.3079 281.8625 281.9685 281.3555 280.4025 279.2557 276.5861 269.3974 266.9817 266.427 266.2169 260.8636 252.7592 240.2532 210.4914
-9999 -9999 -9999 -9999 -9999 -9999 45.98779 45.84507 45.75 47.46189 50.924 56.38298 62.32145 66.4763 69.4716 72.20113 74.69866 76.7545 87.65347 103.9267 115.2628 127.9908 121.9596 140.4651 147.076 146.0027 147.5093 152.3691 155.7415 156.7509 152.9399 151.342 155.298 161.4064 172.655 170.9718 165.2689 162.6913 160.9593 156.0955 155.0982 156.8976 166.3739 184.0927 219.2477 263.1032 291.8461 315.2996 363.859 342.6479 312.6108 294.5388 284.9869 281.5186 281.8846 284.2215 287.6247 287.6548 283.6642 277.0797 268.4725 265.4848 258.8801 253.3278 252.1049 248.2841 235.441
-9999 -9999 -9999 -9999 -9999 54.64134 53.30598 52.72764 52.72186 53.62565 55.69623 58.76986 62.13153 65.09216 67.74265 70.36058 72.82956 75.35272 84.84765 96.12721 106.2638 119.5176 127.073 139.4871 142.9342 144.5474 147.8733 153.9686 157.4492 163.9012 159.0991 157.6903 162.5322 170.0003 179.7188 180.2111 177.7375 175.5557 168.2467 155.5322 144.6721 143.2838 151.2677 173.6253 207.313 248.8477 283.6693 314.1031 369.8371 344.5818 309.1198 289.1114 279.5893 277.3595 280.1048 285.9198 293.4748 292.567 286.684 283.375 270.5096 266.289 257.5048 254.2359 251.4384 248.0959 245.1405
-9999 -9999 -9999 -9999 -9999 60.55033 59.80996 59.20572 58.69355 58.60111 59.32879 60.86995 62.52693 64.03433 65.96066 68.59711 71.65677 75.19022 79.61889 84.62265 97.55295 110.4831 119.9612 129.3007 137.766 145.9327 145.4943 153.5311 156.5124 156.2298 157.2229 164.3454 170.7782 178.0173 183.3999 185.0303 187.1741 186.9861 174.6483 155.6512 133.3463 124.0483 126.4502 151.9656 186.6272 225.7388 267.5778 294.8562 349.6271 323.5719 290.5382 273.5145 267.032 268.255 275.4264 285.6765 293.9548 290.2609 285.22 281.8565 270.9099 263.0859 256.8868 251.5436 244.4203 238.6969 237.0337
-9999 -9999 -9999 -9999 65.84127 66.54481 66.04462 65.74658 64.16497 62.74274 61.92061 63.00427 63.24282 62.45852 63.33144 66.55588 70.1085 73.97031 73.31023 78.35476 87.26348 99.66798 110.9683 121.2582 132.2076 143.6212 149.7576 150.6394 145.9272 130.9027 144.7027 175.5995 177.8682 180.4328 181.9105 184.5228 192.4686 194.2539 173.2556 145.8503 114.5122 103.4089 104.5728 126.4623 161.3055 199.4987 243.9225 270.1314 292.0817 276.3221 256.8486 247.764 246.9594 253.1284 266.6523 289.4506 288.8788 284.4056 278.0489 273.705 266.9475 257.0497 252.7433 245.1144 239.0018 231.2174 229.2577
-9999 -9999 -9999 -9999 70.04642 71.35108 69.88609 68.8083 68.87976 67.08308 60.75057 67.68916 64.47277 62.11374 62.80272 64.93398 67.9826 71.19432 72.99373 76.2982 81.9221 94.09002 102.6546 112.3494 125.4868 139.5922 143.7162 144.6265 138.2587 122.6261 146.1299 163.3872 175.4832 169.0343 173.3967 178.6157 189.1969 188.5342 165.362 131.8299 100.3605 88.15353 91.93445 112.3394 135.5021 164.7649 201.6306 226.147 222.1748 216.2625 212.8504 214.1445 220.3767 231.3623 247.7886 269.2779 272.6431 274.2686 270.8686 262.1482 256.2263 247.5644 243.5487 234.4228 229.4084 223.7439 217.0124
-9999 -9999 -9999 -9999 75.43301 75.19167 73.3689 71.2252 70.55143 71.31515 68.48615 71.32254 69.06613 72.27225 69.4554 76.62914 67.41415 66.67959 70.12444 74.69004 81.24963 86.85451 91.93361 100.9303 114.1548 128.1952 138.74 145.6205 142.7525 142.0232 151.6019 150.6837 160.7666 163.575 168.2503 170.1616 174.7746 176.9701 158.5365 123.9168 95.50665 79.86687 78.01675 85.45283 103.0269 121.8852 138.4279 136.7424 146.7998 154.1312 163.1806 175.0979 188.6894 204.0301 221.1374 237.9011 250.0025 258.3169 253.1364 247.2479 241.7556 234.5645 229.457 220.241 216.0058 212.7823 206.1891
-9999 -9999 -9999 -9999 73.91534 75.22324 76.64845 74.89352 74.0578 72.63866 77.28471 73.34484 71.20679 67.59328 64.96049 70.58248 68.18819 75.70822 69.91026 71.2763 78.53168 82.41059 85.35454 89.10456 100.1639 113.7577 129.198 140.167 144.772 148.4259 148.5414 151.2938 164.9695 167.44 168.2262 163.2199 163.0396 162.3177 149.6812 129.706 98.80817 76.49886 66.14537 62.3367 70.71041 79.27262 81.46413 75.60493 81.01133 87.58044 111.476 134.4819 155.2822 174.6519 193.8465 213.1689 230.9669 235.5526 232.0668 228.8273 221.4777 218.6943 216.0436 209.1946 203.7234 201.8535 197.4476
-9999 -9999 -9999 -9999 -9999 77.63217 79.20947 77.1617 79.88855 77.65823 77.04436 73.78079 76.12642 66.13187 66.93092 70.59861 62.77288 67.68259 70.08322 69.80139 68.27723 77.22215 76.46769 73.48553 85.93993 100.4016 113.3121 125.0971 135.9721 138.1125 140.4299 144.8184 159.7055 154.3909 159.3301 152.6501 149.3028 145.2244 139.1745 125.2914 97.7222 74.528 58.48913 52.31937 53.29223 54.06871 55.51858 54.4043 56.34063 67.49239 66.6058 96.04506 123.4433 145.2639 166.1261 189.3685 213.5801 216.1591 215.6075 210.9501 205.2862 201.3491 201.172 197.7807 191.8427 189.7081 185.194
-9999 -9999 -9999 -9999 -9999 -9999 -9999 75.15784 79.4797 83.11 80.5862 77.97606 76.2953 77.88859 83.64242 82.99581 69.15728 53.63482 65.59658 67.64131 63.00903 71.23386 69.46488 63.21524 74.88992 88.16756 99.02479 108.8121 118.2122 123.1294 130.6038 135.3951 141.98 136.4701 139.44 133.7689 131.1781 132.8282 125.8981 113.8433 94.51587 72.53677 55.18856 45.11653 46.3469 44.84784 46.61279 45.33204 46.29777 50.2604 53.21532 72.44714 96.0783 116.8025 135.9345 160.1085 208.4759 202.3132 198.5192 193.2389 191.1341 188.7885 186.2689 184.1935 182.7654 180.6544 176.2426
-9999 -9999 -9999 -9999 -9999 -9999 -9999 -9999 79.20306 84.21068 88.5205 88.33609 86.13057 89.85467 93.89523 96.74384 94.28802 78.01704 68.898 66.05219 57.06062 47.24556 58.41231 62.11995 69.11191 77.98579 85.78916 92.42302 98.31607 105.0475 114.7785 125.1957 131.903 115.0662 120.5023 133.387 128.7845 122.3078 110.0633 102.4154 88.67992 67.71377 54.29581 44.08916 45.89357 42.39394 43.19894 43.92722 39.00199 37.38927 43.93184 51.76818 72.08638 90.14321 102.9909 108.7518 99.31528 176.3144 184.0993 176.0855 174.549 175.1172 173.5876 173.9566 173.3179 170.1252 167.004
-9999 -9999 -9999 -9999 -9999 -9999 -9999 -9999 -9999 85.35374 90.17061 92.95071 94.65205 99.09429 116.9113 123.6424 121.1034 104.4182 95.05236 79.20252 62.80929 51.83234 58.35833 60.22495 63.90598 69.01251 73.78384 77.06503 77.58343 84.73201 93.12712 105.0866 117.4172 103.1847 104.6283 111.8957 114.2425 106.778 98.48019 89.13614 77.13438 63.67447 52.40716 45.01905 41.41672 42.9356 44.21469 40.34951 43.59235 44.77342 45.61328 45.67498 56.40507 68.76806 76.2934 71.93526 51.94487 126.7127 167.3424 167.5322 165.0937 160.9834 161.5568 161.2545 160.5841 159.3298 157.0476
-9999 -9999 -9999 -9999 -9999 -9999 -9999 -9999 -9999 -9999 93.86672 96.15137 102.1048 108.0903 121.0318 124.0368 117.692 93.30141 101.2413 100.1761 82.58521 71.64587 62.86976 58.89117 58.09567 60.34119 63.18383 64.7133 64.82731 65.96919 68.42216 70.53325 87.51739 90.4538 89.94376 86.363 85.00723 86.07853 88.40032 76.81399 69.70078 58.97992 52.88805 49.06349 46.60155 68.61974 54.11151 43.14862 45.06746 48.05896 45.58905 44.17705 42.50523 52.09276 59.71519 61.70484 62.38457 71.12981 145.5174 153.3823 156.6225 151.5681 153.6074 151.6829 146.9384 147.1169 146.228
-9999 -9999 -9999 -9999 -9999 -9999 -9999 -9999 -9999 -9999 -9999 97.23892 107.0286 111.4415 113.6635 115.2363 111.3183 92.8271 91.80122 116.3092 148.4178 103.807 75.08133 61.05126 48.59445 51.81086 54.09564 54.03484 56.28862 64.58475 58.30371 52.43065 63.17085 72.98183 78.13094 74.2459 76.63091 62.12213 70.24786 68.06273 64.06701 56.76682 56.11469 54.18508 68.10969 67.20277 55.69537 51.47418 52.68167 51.39006 43.17545 40.54042 38.42836 41.52361 49.05777 55.79358 57.24894 50.35264 110.8903 130.9427 135.9512 138.4723 141.6698 141.6684 132.6061 134.3709 136.1215
