pygsf/example_data/vx.asc
ncols         96
nrows         85
xllcorner     586661.4
yllcorner     1676989.6
cellsize      356.2
NODATA_value  -9999
[rows 30 to 59 of 85, columns 0 to 66 of 96]
-9999 -9999 -9999 -9999 -9999 -9999 -9999 -9999 -9999 -9999 -9999 -9999 101.1128 109.1458 111.1678 112.7805 111.6654 106.3099 101.7808 112.2476 186.5249 126.3123 61.06044 66.65011 55.65698 50.66683 47.32138 40.81971 40.66628 40.86021 38.89996 39.69386 47.82601 58.80364 69.83098 81.78843 82.47447 64.43966 63.11986 64.02423 61.76925 57.74019 60.0064 55.20637 73.89842 62.82517 51.50166 59.10461 61.61482 57.61571 48.42336 46.24047 40.15278 39.08242 38.89651 54.91532 65.61459 70.56092 97.53419 116.4587 120.0561 123.3422 129.0293 129.7897 123.1504 126.452 130.0983
-9999 -9999 -9999 -9999 -9999 -9999 -9999 -9999 -9999 -9999 -9999 -9999 97.04504 104.928 108.642 107.5204 108.8094 108.6355 108.2906 106.7388 137.2379 101.6587 92.29701 90.35183 68.66742 53.44487 43.84354 33.90167 26.58194 13.40971 -9999 17.20588 30.75763 45.156 59.35481 72.37357 75.76895 61.93979 65.49748 64.59364 59.40274 58.6273 61.06761 61.64872 69.03956 71.21112 65.70159 69.65709 67.61649 66.02156 56.60749 53.42952 44.9432 39.18789 46.87043 66.62144 82.61987 94.73738 107.4743 116.3232 118.5489 115.5573 115.41 116.535 115.2541 111.0034 105.3655
-9999 -9999 -9999 -9999 -9999 -9999 -9999 -9999 -9999 -9999 -9999 -9999 90.30885 98.00435 101.5078 101.8649 101.6914 101.5774 100.9789 101.7832 104.3738 94.55863 105.2737 77.81594 63.52733 52.17898 41.81483 31.97083 20.68648 -9999 -9999 -9999 13.30621 31.93235 48.75833 62.69867 78.49693 56.47636 86.45548 64.54201 66.39896 57.83878 60.4293 67.41046 75.46587 81.76277 85.26865 87.02361 91.1023 88.2177 82.46684 76.31449 64.62827 51.40938 68.89918 88.92352 104.2045 115.2389 122.498 124.6828 117.1845 113.9358 101.5074 104.8771 107.673 101.8644 95.70181
-9999 -9999 -9999 -9999 -9999 -9999 -9999 -9999 -9999 -9999 -9999 -9999 -9999 86.83525 94.01605 97.21612 95.70598 91.21133 91.26623 93.62865 96.70162 97.43855 88.44494 76.33545 61.78604 48.62532 39.36541 30.9401 19.81069 -9999 -9999 -9999 -9999 20.1216 41.44149 62.69697 86.49378 67.3592 71.17395 64.52017 66.09931 59.37674 61.23186 72.40708 87.42011 94.11601 103.5769 113.5997 122.7508 122.3634 124.2243 115.2079 101.3468 89.58948 99.30997 115.4387 130.2682 139.1216 142.0584 140.7921 123.0895 116.6381 104.2141 101.5528 101.5734 99.72519 99.28678
-9999 -9999 -9999 -9999 -9999 -9999 -9999 -9999 -9999 -9999 -9999 -9999 -9999 78.52486 86.91424 90.35436 91.31574 84.60931 85.82436 86.86578 86.81632 86.17782 81.72733 78.03082 62.58727 38.21157 37.49438 32.73088 23.17085 11.37952 -9999 -9999 -9999 -9999 35.43325 56.24051 74.82864 70.19368 57.52776 57.90093 51.22148 56.96642 64.63885 77.44016 97.86591 106.7059 121.9724 132.3053 146.3839 155.7018 155.1919 156.9951 141.8013 130.1442 130.3773 141.8957 164.185 168.6717 164.5198 157.8316 136.3117 121.7208 112.3456 107.9603 100.0656 95.304 93.79391
-9999 -9999 -9999 -9999 -9999 -9999 -9999 -9999 -9999 -9999 -9999 -9999 -9999 68.40305 80.46371 85.31027 86.86807 84.80429 84.73141 81.23259 76.09418 75.8102 73.9027 68.14573 61.06719 64.64823 49.44223 37.78218 28.70923 19.89637 11.46365 -9999 -9999 -9999 33.60965 48.89208 61.96213 72.47024 62.38159 53.58965 47.8136 56.80457 65.56805 79.7503 104.8571 116.8144 126.6197 148.8989 162.1198 170.6113 170.6218 176.914 173.1762 156.9589 151.0091 157.3202 173.8282 179.9654 175.7164 165.7982 149.9485 126.5128 119.5558 120.7299 96.20791 90.64096 86.52203
-9999 -9999 -9999 -9999 -9999 -9999 -9999 -9999 -9999 -9999 -9999 -9999 -9999 -9999 65.25435 68.92126 76.45272 82.81798 83.7055 78.96399 71.73344 70.91887 63.93808 59.21374 55.12289 60.13494 51.30346 41.57795 34.23339 28.19776 24.58989 25.23716 37.50863 32.75578 35.09726 43.12309 52.57537 62.34426 56.93219 49.15062 48.15892 50.16295 64.97415 81.34221 106.3651 122.3395 139.7778 155.9726 165.2623 172.3935 174.1185 176.4865 176.168 167.3343 160.2345 160.9532 166.57 171.9598 173.0208 166.7042 156.6974 139.9183 130.0804 125.5131 114.4182 96.10445 86.54818
-9999 -9999 -9999 -9999 -9999 -9999 -9999 -9999 -9999 -9999 -9999 -9999 -9999 -9999 -9999 56.48351 64.9604 76.32173 73.43842 73.538 70.17615 67.14525 60.3031 51.05431 48.70397 43.91703 44.04557 44.24969 38.52076 34.1455 33.9116 40.71453 40.16195 33.89499 32.72529 36.54122 41.61125 46.20493 49.49696 36.61643 37.02502 38.61386 46.55395 71.24456 100.3707 124.3374 143.2281 150.9432 156.7088 168.2542 170.7815 170.5103 168.0619 166.3445 160.5164 159.0829 161.0996 162.0299 162.178 159.9688 155.5113 150.8361 139.7662 127.8416 120.2996 103.0348 90.50173
-9999 -9999 -9999 -9999 -9999 -9999 -9999 -9999 -9999 -9999 -9999 -9999 -9999 -9999 -9999 -9999 54.24713 51.30621 65.31255 68.55644 59.04605 59.2099 61.43861 52.65119 47.64415 44.27082 41.51442 42.13212 39.38077 36.50546 36.09042 37.91779 28.88167 23.42548 26.04155 29.05414 31.03768 32.30544 33.00386 23.79622 22.28815 26.71495 31.21114 56.26872 85.5722 115.3891 133.5795 144.341 148.2821 155.7934 161.7594 161.1596 159.9062 158.3454 154.7393 154.5069 152.957 151.0954 149.9131 147.5732 147.7219 147.6167 143.0588 130.6486 115.467 104.5084 93.79366
-9999 -9999 -9999 -9999 -9999 -9999 -9999 -9999 -9999 -9999 -9999 -9999 -9999 -9999 -9999 -9999 -9999 42.33322 53.10547 63.83617 53.95412 49.57714 55.45989 53.1155 39.03376 40.14603 41.85308 38.50819 37.49573 36.40755 34.53028 31.08229 25.1227 19.51111 20.9622 22.47571 21.41103 17.93808 12.65336 7.219552 7.901921 10.43696 14.80462 26.45879 44.97602 74.67413 93.22165 103.9717 113.9778 130.9258 147.0853 151.0059 149.5268 146.1175 148.4044 148.1456 142.4656 138.9201 133.2964 136.5103 138.0037 138.0423 137.8559 128.7136 118.6688 105.4746 92.0447
-9999 -9999 -9999 -9999 -9999 -9999 -9999 -9999 -9999 -9999 -9999 -9999 -9999 -9999 -9999 -9999 -9999 -9999 49.19143 56.58713 55.15206 55.42276 48.41147 50.50856 49.10978 39.32285 38.31356 35.34356 36.45698 36.80264 34.21347 28.22365 20.02374 17.97185 18.39041 18.44417 14.66771 3.979265 0.3670917 -1.933765 -2.573251 -2.34781 -2.430711 4.024353 12.7697 28.7378 -9999 -9999 -9999 106.7967 127.9208 134.4777 134.501 138.091 140.299 146.0759 135.347 130.5075 127.2511 127.1502 127.1403 127.1068 127.7879 124.434 112.4189 103.8203 93.2702
-9999 -9999 -9999 -9999 -9999 -9999 -9999 -9999 -9999 -9999 -9999 -9999 -9999 -9999 -9999 -9999 -9999 -9999 -9999 52.68809 51.6698 56.64743 51.15074 51.10139 50.90688 40.96347 33.72075 35.07947 38.57799 39.9262 37.74585 27.6469 18.03632 13.30961 16.34387 17.78033 16.90179 -1.313918 -7.186698 -7.723609 -9.286466 -4.380639 -4.385012 -0.24038 1.494797 -9999 -9999 -9999 -9999 -9999 -9999 92.14632 121.3201 129.114 129.0566 130.624 124.0883 121.6884 121.2326 119.9103 116.5055 115.6924 116.6955 112.8085 108.2267 101.6661 96.88137
-9999 -9999 -9999 -9999 -9999 -9999 -9999 -9999 -9999 -9999 -9999 -9999 -9999 -9999 -9999 -9999 -9999 -9999 -9999 -9999 50.84895 53.90612 52.9988 49.70183 44.00239 44.09343 36.62117 39.27927 44.17002 44.87154 51.03149 39.2137 16.52594 15.12403 18.89458 18.84468 14.32672 -5.790441 -12.19484 -13.2026 -13.68237 -14.43213 -9.96939 -5.153838 1.249511 -9999 -9999 -9999 -9999 -9999 -9999 -9999 109.6766 117.6499 117.5119 115.1881 113.5172 112.736 110.7939 111.2589 108.9578 106.661 104.6983 100.6972 105.0347 97.46916 92.68839
-9999 -9999 -9999 -9999 -9999 -9999 -9999 -9999 -9999 -9999 -9999 -9999 -9999 -9999 -9999 -9999 -9999 -9999 -9999 -9999 -9999 53.92419 53.08751 46.79125 44.58582 47.09493 38.29233 44.92063 54.05246 64.47193 93.04898 66.71944 35.62008 29.01634 27.22224 22.6895 13.39639 -2.478611 -9.839506 -16.46275 -20.89715 -22.05324 -16.70744 -10.61053 5.014083 -9999 -9999 -9999 -9999 -9999 -9999 -9999 -9999 107.1485 105.0008 103.6959 102.0435 104.9164 100.7713 100.4171 99.2406 97.81668 95.74944 93.1539 90.6362 87.9136 83.05836
-9999 -9999 -9999 -9999 -9999 -9999 -9999 -9999 -9999 -9999 -9999 -9999 -9999 -9999 -9999 -9999 -9999 -9999 -9999 -9999 -9999 -9999 54.95197 57.13729 44.39172 43.74001 44.09548 54.58636 64.26403 78.27856 99.32756 80.34045 57.88636 45.62576 38.13089 30.78134 21.49315 9.637079 -1.873974 -13.74747 -24.49428 -18.90728 -11.50096 -7.457305 7.797489 -9999 -9999 -9999 -9999 -9999 -9999 -9999 -9999 79.42056 99.96374 95.95383 90.31224 91.20594 92.47828 91.47655 89.29516 86.84566 88.97093 87.26424 82.20345 78.019 76.0014
-9999 -9999 -9999 -9999 -9999 -9999 -9999 -9999 -9999 -9999 -9999 -9999 -9999 -9999 -9999 -9999 -9999 -9999 -9999 -9999 -9999 -9999 -9999 54.39862 41.94234 43.42382 37.91858 54.91665 68.84072 79.496 85.51611 80.14516 68.72302 58.17282 49.29653 40.95925 32.60887 24.69604 7.417289 -5.464833 -14.60784 -10.47775 -7.191073 -3.084722 8.562884 -9999 -9999 -9999 -9999 -9999 -9999 -9999 -9999 50.51639 81.24672 82.63046 85.69224 82.25833 84.04836 84.3325 80.79813 79.47778 81.30112 77.84187 76.46778 74.49516 74.39212
-9999 -9999 -9999 -9999 -9999 -9999 -9999 -9999 -9999 -9999 -9999 -9999 -9999 -9999 -9999 -9999 -9999 -9999 -9999 -9999 -9999 -9999 -9999 48.53671 42.24784 42.98596 43.2369 57.23507 73.31757 83.66725 87.66016 84.85187 77.54167 68.81966 60.05645 51.42388 43.05948 34.62512 19.60732 9.97461 2.808344 -1.115172 0.03926278 5.080562 11.10686 -9999 -9999 -9999 -9999 -9999 -9999 -9999 -9999 -9999 65.28146 73.36021 80.48365 76.03971 74.47759 77.09808 73.76987 73.14229 73.95128 71.06839 68.00084 63.46084 71.18492
-9999 -9999 -9999 -9999 -9999 -9999 -9999 -9999 -9999 -9999 -9999 -9999 -9999 -9999 -9999 -9999 -9999 -9999 -9999 -9999 -9999 -9999 -9999 -9999 53.32458 65.83665 48.79442 64.92544 83.47206 94.06547 97.32957 94.14078 87.35642 79.28029 70.70857 61.62257 52.93224 42.55564 29.33534 23.0645 15.68095 11.63877 13.94143 16.36892 13.80886 -9999 -9999 -9999 -9999 -9999 -9999 -9999 -9999 -9999 73.24644 76.69547 81.14374 77.53663 69.81527 70.49976 69.87209 65.72049 62.06009 67.13542 63.7618 58.38095 66.78667
-9999 -9999 -9999 -9999 -9999 -9999 -9999 -9999 -9999 -9999 -9999 -9999 -9999 -9999 -9999 -9999 -9999 -9999 -9999 -9999 -9999 -9999 -9999 -9999 59.57418 68.62035 62.29654 82.07883 100.8733 111.8875 113.9427 106.6715 98.23957 90.12781 81.88866 73.24139 64.63039 54.55592 42.27216 32.69537 27.24759 27.33532 27.82107 29.60313 20.83614 16.47966 -9999 -9999 -9999 -9999 -9999 -9999 -9999 -9999 72.34082 70.74914 66.70242 60.44873 61.87364 64.68037 67.6272 58.07301 51.4881 59.63978 60.71208 60.91521 65.38541
-9999 -9999 -9999 -9999 -9999 -9999 -9999 -9999 -9999 -9999 -9999 -9999 -9999 -9999 -9999 -9999 -9999 -9999 -9999 -9999 -9999 -9999 -9999 -9999 -9999 58.77459 73.83784 96.51491 116.8922 124.9976 126.5187 117.9481 108.9245 101.1008 93.53467 85.97306 78.09041 69.32236 59.43121 48.52494 42.96456 42.52928 40.4931 40.55397 37.23678 34.06459 25.87681 -9999 -9999 -9999 -9999 -9999 -9999 43.18621 48.11026 40.57233 47.81097 48.16367 56.39215 60.78517 59.87592 52.88677 51.78897 56.50293 58.49456 55.15488 56.18832
-9999 -9999 -9999 -9999 -9999 -9999 -9999 -9999 -9999 -9999 -9999 -9999 -9999 -9999 -9999 -9999 -9999 -9999 -9999 -9999 -9999 -9999 -9999 -9999 -9999 56.05334 75.52349 100.1388 123.874 127.4202 131.6859 125.646 118.7284 111.9056 105.1599 98.93202 92.52732 85.30997 77.48727 69.6147 60.21127 55.63146 56.65551 53.49767 50.94194 45.80814 35.41449 29.72299 28.52228 -9999 -9999 43.17263 55.29552 59.5857 56.23121 57.87246 52.50672 57.20919 62.31522 57.96319 53.063 50.47502 47.11189 57.43229 56.60262 52.73492 47.7328
-9999 -9999 -9999 -9999 -9999 -9999 -9999 -9999 -9999 -9999 -9999 -9999 -9999 -9999 -9999 -9999 -9999 -9999 -9999 -9999 -9999 -9999 -9999 -9999 -9999 59.25421 77.82008 103.683 123.3596 128.1403 130.6276 129.1372 129.6724 122.2058 116.0944 112.0836 107.9395 102.0662 95.15316 92.12059 83.35649 68.18204 71.06369 68.72637 64.37668 56.87738 45.23699 41.9646 32.59698 65.90785 77.97045 77.6576 81.81796 77.05347 88.57585 92.39871 75.56247 68.96557 67.63246 53.76104 50.4112 52.72761 52.59333 53.73029 53.01326 52.78175 48.65519
-9999 -9999 -9999 -9999 -9999 -9999 -9999 -9999 -9999 -9999 -9999 -9999 -9999 -9999 -9999 -9999 -9999 -9999 -9999 -9999 -9999 -9999 -9999 -9999 -9999 -9999 72.03323 102.4095 117.4336 126.1157 126.0381 127.9991 129.9126 127.3816 125.0913 125.4137 125.3776 121.0133 108.5043 98.54678 94.68542 86.26397 83.46293 86.78249 80.91764 76.67539 67.25059 60.55247 62.78511 90.57393 105.5551 103.3968 102.1253 91.46699 90.83022 91.12938 84.64081 77.62064 72.9073 58.15649 50.65235 54.55084 53.26763 46.57445 46.21229 49.29202 50.7029
-9999 -9999 -9999 -9999 -9999 -9999 -9999 -9999 -9999 -9999 -9999 -9999 -9999 -9999 -9999 -9999 -9999 -9999 -9999 -9999 -9999 -9999 -9999 -9999 -9999 -9999 68.32681 92.18577 108.3031 119.037 121.2942 125.0325 127.4532 130.413 130.5436 138.7663 149.0629 137.8502 117.2098 92.52956 90.25759 99.03087 101.8483 102.1018 98.97822 97.35944 87.69335 82.81116 100.0612 119.2947 128.3092 127.1371 125.1483 111.5036 110.011 107.3053 98.10718 87.32964 77.37254 62.81845 56.83625 62.61403 53.24933 46.14527 39.65861 50.86669 64.96581
-9999 -9999 -9999 -9999 -9999 -9999 -9999 -9999 -9999 -9999 -9999 -9999 -9999 -9999 -9999 -9999 -9999 -9999 -9999 -9999 -9999 -9999 -9999 -9999 -9999 -9999 -9999 82.99771 98.31309 109.6277 113.5307 119.0263 124.1314 127.7923 127.884 127.4577 139.3422 132.9088 124.2546 113.9157 104.0551 117.9488 105.7675 114.9775 119.0073 113.8918 113.2671 109.6948 131.8365 141.7252 147.0641 146.427 158.2376 156.2471 155.2806 135.0003 119.5538 107.4379 94.67223 79.48264 71.68462 61.58402 61.36757 56.28525 44.75365 52.83657 60.8791
-9999 -9999 -9999 -9999 -9999 -9999 -9999 -9999 -9999 -9999 -9999 -9999 -9999 -9999 -9999 -9999 -9999 -9999 -9999 -9999 -9999 -9999 -9999 -9999 -9999 -9999 -9999 75.06504 87.57783 99.20802 101.6355 110.4812 115.8537 121.5355 118.5649 99.93303 115.7271 137.5482 128.4643 130.877 126.7739 130.4482 118.5754 126.4522 134.3664 133.6427 135.1212 133.1045 148.5448 154.8786 162.4302 169.6003 180.3723 181.8754 177.9662 156.4298 140.1965 131.1719 115.0258 114.1558 102.7162 87.41031 84.71013 75.01444 59.73874 54.42826 50.90443
-9999 -9999 -9999 -9999 -9999 -9999 -9999 -9999 -9999 -9999 -9999 -9999 -9999 -9999 -9999 -9999 -9999 -9999 -9999 -9999 -9999 -9999 -9999 -9999 -9999 -9999 -9999 63.86326 75.21834 91.59498 94.61695 99.56832 105.9025 113.5448 113.6376 102.985 112.1523 133.3961 127.9256 133.4669 144.3547 136.9302 133.2803 135.4103 142.5379 148.2644 148.3018 152.2647 160.2722 165.0849 171.9095 182.2595 184.9235 182.7739 181.5362 175.8087 165.0391 153.972 144.9577 142.1819 131.1908 114.7761 103.4527 89.65623 76.59967 56.69558 52.13324
-9999 -9999 -9999 -9999 -9999 -9999 -9999 -9999 -9999 -9999 -9999 -9999 -9999 -9999 -9999 -9999 -9999 -9999 -9999 -9999 -9999 -9999 -9999 -9999 -9999 -9999 -9999 -9999 56.1194 80.77179 87.62795 88.9574 96.64312 102.9138 107.9647 108.5136 106.0343 125.0834 126.3856 133.9844 121.9912 134.9261 138.0359 139.1486 146.5953 153.8548 173.7673 165.6936 167.7993 172.4472 175.2358 177.2669 179.8389 180.9089 181.2863 181.8071 174.4358 168.1482 165.7055 153.8683 149.4576 130.498 113.8704 95.86823 81.76662 66.5802 59.98289
-9999 -9999 -9999 -9999 -9999 -9999 -9999 -9999 -9999 -9999 -9999 -9999 -9999 -9999 -9999 -9999 -9999 -9999 -9999 -9999 -9999 -9999 -9999 -9999 -9999 -9999 -9999 -9999 39.76041 52.88899 65.72027 75.99402 94.36412 97.47984 94.70662 99.71964 101.4715 122.8711 129.6891 135.3945 120.9424 134.5033 140.1547 138.9113 122.2549 138.7919 169.1581 173.5602 168.9257 169.151 171.8079 173.0638 175.2521 175.7242 176.3557 174.77 170.2167 168.852 169.9297 159.7045 156.5639 139.4048 128.1735 105.7847 88.43705 71.50122 69.94727
-9999 -9999 -9999 -9999 -9999 -9999 -9999 -9999 -9999 -9999 -9999 -9999 -9999 -9999 -9999 -9999 -9999 -9999 -9999 -9999 -9999 -9999 -9999 -9999 -9999 -9999 -9999 -9999 24.51832 28.99472 44.59986 57.27331 75.94531 80.70835 74.46355 88.84145 97.97912 104.5824 129.1743 138.7488 132.9863 131.2927 133.3983 133.1221 120.3272 129.4359 167.0161 176.5112 169.3177 167.2749 171.6926 169.6461 167.7721 168.0916 168.5198 168.6356 169.5438 167.6687 168.5927 166.6577 157.2529 141.1442 135.015 117.1508 103.2862 106.1425 86.26173
